Amadeus	{1,3,1,1,1,1,1,0,1,1,1,1,1,1,1,1,1,1,1,1,1,1,1,1,1,1,1,1,1,1,1,1,1,1,1,1,1,1,3,1,1,1,1,1,1,1,0,0,1,1,1,1,1,0,1,1,1,1,1,0,0,1,1,1,0,1,0,1,1,3,1,1,1,1,0}
Das Boot	{1,1,1,1,2,1,1}
Chinatown	{1,1,2,2,1,1,2,2,3,1,1,3,1,2,1,1,1,1,1,2,1,3,1,1,2,1,1,1,1,1,2,2,1,1,3,1,1,0,1,3,3,1,3,1,0,1,1,1,1,1,1,3,1}
Rashômon	{}
Star Wars	{0,1,2,1,1,1,1,1,1,0,1,1,0,1,1,1,2,1,1,1,1,1,1,1,1,1,1,2,2,1,0,1,1,1,1,1,0,1,1,0,1,1,1,2,1,1,1,1,1,1,1,1,2,3,2,1,1,1,3,3,1,3,0,0,4,1,1,1,2,1,0,1,1,1,2,1,3,1,1,1,1,1,1,1,2,3,1,1,1,1,1,1,1,1,2,1,1,1,1,0,1,3,1,3,3,3,1,1,1,1,1,1,1,1,1,3,1,1,1,2,2,1,1,1,1,1,1,1,1,3,3,2,2,2,1,1,1,1,1,1,1,1,1,1,0,1,1,2,1,1,1,1,1,1,0,1,3,0,1,1,1,2,3,1,3,2,2,1,2,0,2,1,1,1,1,1,1,1,1,1,0,1,1,0,1,1,1,2,1,1,3,3,1,1,1,1,1,0,3,3,1,1,2,1,1,1,1,1,1,1,2,1,1,1,0,1,1,0,1,1,1,1,1,1,1,1,2,1,1,3,3,1,1,1,1,1,3,1,1,1,1,1,1,1,1,1,1,1,1,0,1,1,1,3,1,1,1,1,1,1,1,1,2,0,1,1,1,1,1,1,1,1,1,1,1,1,1,1,1,1,2,1,1,1,1,1,1,1,3,1,1,1,1,1,1,1,2,1,1,1,1,1,1,1,1,1,1,1,1,2,1,0,1,3,1,2,2,3,1,1,1,1,3,2,1,1,1,1,3,1,1,3,1,3,3,1,1,3,1,1,1,3,1,1,1,1,1,1,1,2,3,3,1,1,0,1,1,1,1,1,1,1,3,1,1,1,1,1,1,1,1,1,1,2,1,2,1,1,1,1,1,1,1,1,1,1,1,1,1,1,1}
The Sting	{1,1,1,3,1,1,1,1,1,1,1,0,1}
Braveheart	{1,0,1,1,1,1,1}
Casablanca	{1,1,0,0,2,2,1,1,3,1,1,1,1,1,1,3,1,1,1,1,1,1,1,1,1,0,1,1,1,1,1,1,0,1,1,1,1,1,1,1,1,0,1,1,1,1,0,1,1,1,1,1,0,1,1,1,4}
Fight Club	{1,3,1,1,1,1,1,1,1,1,2,1,1,2,1,1,1,1,3,1,1,3,1,1,1}
Goodfellas	{2,1,3,1}
The Matrix	{1,1,1,1,1,1,1,2,1,1,1,1,1,1,1,1,1,3,1,1,2,3,3,3,1,1,1,1,1,1,1,1,1,1,1,1,1,1,1,1,1,1,1,1,1,1}
City Lights	{1,3,1,1,1,1}
Rear Window	{1,1,1,1,1,1,1,1,1,1,1,1,1,0,0,1,3,3,1,1,1,1,1,1,1}
Taxi Driver	{2,1,1,1,1,1,3,1,1,4,1,0,1,1,1,1,1,1,0,1,1,1,0,1,1,1,1,1,2}
The Pianist	{3,3,4,2,1,3,3,1}
The Shining	{1,1,1,4,1,0,2,3,1,3,3,3,3,2}
Toy Story 3	{1,1,1,1,1,1,1,1,3,1,3,1,1,3,1,2,1,1,1,1,1,1,0,1,1,1,1,1,1,1,2,1,1,1,1,1,1,1,2,1,1}
12 Angry Men	{1}
Citizen Kane	{1,3,3,1,1,1}
Forrest Gump	{1,1,0,1,1,1,1,1,1,1}
Intouchables	{0,0,0,0,1,2,0}
Modern Times	{2,1,1,1,1,1,2,1,1,3,4,1,0,3,1}
Pulp Fiction	{1,1,1,1,1,1,3,1,1,0,1,1,1}
Sunset Blvd.	{1,1,1,1,1,1}
The Departed	{1,1,2,1,1,1,3}
The Prestige	{0,1,1,1,0,1,1,3,3}
All About Eve	{1}
Mononoke-hime	{}
The Apartment	{2,1,1,1,1,1,2,1,1,1,3,1,1,1,1,0,1,1,1,1,0,1,1,2,1,1,1,2,3,1,3,1,0,1,1,1,0,2,1,1,1,3,2,1,1,1,1,0,1,1,2,1,3,1,1,1,1,3,1,3,1,0,1,1,1,0,1,1,1,1,3,3,1,1,1,1,1,1,1,1,0,1,3,1,1,1,2,1,1,3,1,1,3,1,0,1,3,1,3,1,1,1,1,1,1,3,0,1,1,1,1,1,1,1,0,1,3,1,3,0,1,1,3,1,3,1,3,1,1,1,1,1,1,1,1,1,1,2,1,1,1,1,1,1,1,3,1,3,1,1,1,3,1,1,1,1,1,1,1,1,1,1,3,1,3,1,0,1,1,1,0}
The Godfather	{2,3,3,1,2,1,1,1,1,1,1,1,1,1,1,1,1,1,3,1}
The Lion King	{1,1,1,3,1,1,3,0}
The Third Man	{1,3,1,1}
Apocalypse Now	{1,1,1,2,3,1}
Cidade de Deus	{}
Paths of Glory	{}
Reservoir Dogs	{1,1,1}
The Green Mile	{}
American Beauty	{2,1,1,1,2,2,2,2,1,3,3}
The Dark Knight	{1,1,2,2,1,1,3,1,1,1,1,1,1,1,3,1,1,0,1,1,1,0,1,0,1,1,2,2,2,2,2,2,1,1,3,1,1,1,1,1,1,1,1,0,0,3,1,1,0,1,3,1,1,1,1,1}
Django Unchained	{}
Double Indemnity	{1}
Some Like It Hot	{0,1,1}
Full Metal Jacket	{3,1,1,1,1,1,1,1,1,1,1,1,1,1,1,1,1,1,2,1,1,1,1}
L.A. Confidential	{1}
A Clockwork Orange	{1,1,1,1}
American History X	{1}
Back to the Future	{1,1,1,0,0,1,1,1,1,1,1,1}
Lawrence of Arabia	{1,1,1,1,1,1,1}
North by Northwest	{}
The Great Dictator	{3}
The Usual Suspects	{0,3,1,1,1,1,1,1,1,1}
Ladri di biciclette	{}
Requiem for a Dream	{}
Saving Private Ryan	{2,1}
Shichinin no samurai	{}
Das Leben der Anderen	{}
Nuovo Cinema Paradiso	{}
The Dark Knight Rises	{1,1,1,1,1,1,1,1,1,3,1,1,1,1,1,1,1,1,1,1,1,1,1,1,1,1,3,1,1}
To Kill a Mockingbird	{1,1,1}
C'era una volta il West	{}
Raiders of the Lost Ark	{}
The Shawshank Redemption	{1,1,1,1,1}
The Silence of the Lambs	{1,1}
Once Upon a Time in America	{1,1}
Witness for the Prosecution	{}
Sen to Chihiro no kamikakushi	{}
Monty Python and the Holy Grail	{1}
The Treasure of the Sierra Madre	{}
Indiana Jones and the Last Crusade	{}
Le fabuleux destin d'Amélie Poulain	{}
Eternal Sunshine of the Spotless Mind	{1,1}